5
5
1,4 2,4 3,4 
1,4 2,4 3,4 
3,4 2,4 
1,2 
2,3 
0
[2, 8][8, 2][7, 3][5, 5]-[7, 3][8, 2][5, 5][6, 4]-[2, 8][7, 3][2, 8][3, 7]-[4, 6][6, 4][7, 3][7, 3]-[3, 7][8, 2][8, 2][4, 6]-
[2, 8][2, 8][6, 4][6, 4]-[7, 3][6, 4][4, 6][8, 2]-[5, 5][5, 5][5, 5][2, 8]-[3, 7][7, 3][5, 5][7, 3]-[3, 7][6, 4][5, 5][4, 6]-
[7, 3][8, 2][3, 7][4, 6]-[9, 1][9, 1][9, 1][9, 1]-[5, 5][7, 3][6, 4][6, 4]-[3, 7][7, 3][8, 2][5, 5]-[3, 7][3, 7][7, 3][3, 7]-
[8, 2][2, 8][4, 6][3, 7]-[2, 8][7, 3][5, 5][4, 6]-[9, 1][9, 1][9, 1][9, 1]-[6, 4][2, 8][7, 3][7, 3]-[5, 5][7, 3][8, 2][6, 4]-
[4, 6][7, 3][7, 3][7, 3]-[9, 1][9, 1][9, 1][9, 1]-[9, 1][9, 1][9, 1][9, 1]-[9, 1][9, 1][9, 1][9, 1]-[7, 3][4, 6][7, 3][6, 4]-

